reverse1: 0.000289s
reverse1: 0.000290s
reverse2: 0.000037s
reverse2: 0.000038s
