time = 0.406358 width = 0.000100 n = 1000
time = 3.754673 width = 0.000100 n = 10000
time = 2.664556 width = 0.000010 n = 10000
time = 14.819466 width = 0.000001 n = 100000
